0.00029195141179926394
0.00034825483777729235
0.00041392413003164737
0.0004902090665448103
0.0005784674710155857
0.0006801638617115977
0.0007968657718083312
0.0009302374088562041
0.0010820303345293188
0.0012540708715738371
0.0014482439841693848
0.001666473431604585
0.0019106980638142392
0.0021828442108764714
0.0024847942165347994
0.0028183512769359258
0.0031852008682031014
0.003586869177613451
0.004024679089678118
0.004499704416442533
0.005012723196232862
0.005564171011906074
0.006154095393046899
0.006782112461064092
0.007447367046298288
0.008148497547067967
0.00888360680737331
0.00965024025911859
0.0104453725033925
0.011265403392137026
0.012106164516392504
0.012962936811743455
0.013830479758771613
0.01470307239106207
0.01557456603198191
0.016438448371890613
0.01728791817872422
0.018115969616972167
0.018915484843600377
0.01967933326521452
0.020400475589309113
0.02107207059375827
0.02168758238156232
0.022240885789657456
0.022726367586781652
0.02313902112930938
0.0234745322466415
0.02372935429763336
0.023900770572778295
0.023986942507057067
0.023986942507057067 
0.023900770572778295
0.023729354297633183
0.02347453224664148
0.023139021129309444
0.022726367586781607
0.022240885789657636
0.02168758238156232
0.02107207059375827
0.020400475589309026
0.019679333265214434
0.018915484843600377
0.018115969616972167
0.017287918178724396
0.016438448371890613
0.01557456603198191
0.01470307239106207
0.013830479758771613
0.012962936811743321
0.012106164516392638
0.011265403392136893
0.010445372503392721
0.009650240259118502
0.00888360680737322
0.008148497547068055
0.007447367046298466
0.006782112461063914
0.006154095393047077
0.005564171011905897
0.005012723196232862
0.004499704416442443
0.0040246790896782065
0.003586869177613451
0.0031852008682031014
0.0028183512769359258
0.0024847942165347994
0.0021828442108764714
0.0019106980638142392
0.001666473431604585
0.0014482439841693848
0.0012540708715738371
0.0010820303345293188
0.0009302374088562041
0.0007968657718083312
0.0006801638617115977
0.0005784674710155857
0.0004902090665448103
0.00041392413003164737
0.00034825483777729235
0.00029195141179926394
