0.000026904327168989537
0.000027392002222113337
0.000027887513038493106
0.000028390965365486596
0.000028902465995828803
0.000029422122771416935
0.000029950044586037824
0.000030486341389041574
0.00003103112418767936
0.000031584505050665726
0.00003214659711012677
0.00003271751456443886
0.00003329737268084471
0.00003388628779734589
0.00003448437732498495
0.000035091759749459545
0.0000357085546334603
0.00003633488261756132
0.00003697086542233538
0.00003761662584896614
0.000038272287780973716
0.00003893797618438161
0.000039613817109275256
0.00004029993768963504
0.00004099646614405988
0.000041703531775767244
0.000042421264972815776
0.000043149797207381716
0.0000438892610360372
0.000044639790098247404
0.000045401519116481864
0.00004617458389426631
0.0000469591213156261
0.000047755269343026675
0.00004856316701614909
0.000049382954449663485
0.000050214772831225316
0.00005105876441891492
0.000051915072538677064
0.000052783841581704925
0.000053665217000877664
0.00005455934530786612
0.00005546637406918078
0.00005638645190260952
0.000057319728472764605
0.00005826635448713079
0.00005922648169127844
0.000060200262863686966
0.00006118785181106931
0.00006218940336275013
0.00006320507336465435
0.0000642350186739637
0.00006527939715227032
0.00006633836765923138
0.00006741209004605668
0.00006850072514766041
0.00006960443477614874
0.00007072338171219232
0.00007185772969767894
0.0000730076434273087
0.00007417328853952116
0.00007535483160792349
0.00007655244013232899
0.00007776628252829274
0.00007899652811837274
0.00008024334712083068
0.00008150691063994678
0.00008278739065483193
0.00008408496000801704
0.00008539979239448775
0.00008673206234921628
0.00008808194523541686
0.00008944961723207759
0.00009083525532043467
0.00009223903727155997
0.00009366114163238995
0.00009510174771175466
0.00009656103556612844
0.00009803918598549187
0.00009953638047735701
0.00010105280125257366
0.00010258863120868662
0.00010414405391435056
0.00010571925359285411
0.00010731441510514323
0.00010892972393278878
0.0001105653661605088
0.00011222152845785596
0.0001138983980616285
0.00011559616275633309
0.00011731501085587226
0.00011905513118384014
0.00012081671305348448
0.00012259994624789111
0.0001244050209989996
0.00012623212796723118
0.00012808145821944676
0.0001299532032076844
0.00013184755474689462
0.00013376470499228618
0.00013570484641650505
0.00013766817178670172
0.0001396548741400403
0.00014166514676043198
0.00014369918315348745
0.00014575717702191445
0.00014783932224030324
0.00014994581282929962
0.00015207684292944417
0.00015423260677528957
0.0001564132986679039
0.00015861911294793056
0.00016085024396803575
0.00016310688606485522
0.00016538923353049559
0.00016769748058364603
0.00017003182134080135
0.0001723924497863161
0.00017477955974234754
0.00017719334483902086
0.00017963399848314773
0.00018210171382738972
0.00018459668373869823
0.0001871191007664207
0.00018966915710996106
0.00019224704458638498
0.00019485295459691155
0.0001974870780941289
0.00020014960554776213
0.00020284072691060878
0.00020556063158441826
0.00020830950838437987
0.0002110875455045014
0.00021389493048159613
0.00021673185015954837
0.00021959849065291066
0.00022249503731039006
0.0002254216746777775
0.0002283785864603764
0.00023136595548587654
0.00023438396366578054
0.00023743279195727592
0.0002405126203247174
0.0002436236277002741
0.00024676599194507813
0.0002499398898090924
0.00025314549689148003
0.0002563829876003051
0.0002596525351119558
0.00026295431133023305
0.00026628848684532826
0.0002696552308922996
0.00027305471130949314
0.00027648709449635146
0.00027995254537138936
0.0002834512273296125
0.0002869833021995472
0.000290548930200548
0.0002941482698993259
0.0002977814781665328
0.0003014487101327885
0.000305150119145154
0.0003088858567225463
0.0003126560725115434
0.0003164609142415767
0.00032030052768045785
0.00032417505658934823
0.00032808464267694993
0.0003320294255551435
0.00033600954269284445
0.00034002512937019423
0.0003440763186335298
0.00034816324124829426
0.00035228602565389545
0.0003564447979169502
0.00036063968168508555
0.00036487079814046127
0.0003691382659531257
0.00037344220123453834
0.00037778271749042483
0.00038215992557474475
0.0003865739336418229
0.0003910248471000946
0.0003955127685650162
0.00040003779781186405
0.00040460003172853383
0.0004091995642693413
0.00041383648640665275
0.0004185108860849642
0.00042322284817314403
0.0004279724544178441
0.0004327597833961321
0.00043758491046884726
0.00044244790773356643
0.00044734884397784836
0.00045228778463225565
0.00045726479172415556
0.00046227992383074195
0.0004673332360328363
0.00047242477986824316
0.00047755460328621947
0.00048272275060060743
0.0004879292624444704
0.0004931741757243951
0.0004984575235746819
0.0005037793353119812
0.0005091396363907639
0.0005145384483574009
0.000519975788806302
0.0005254516713352193
0.0005309661055007188
0.0005365190967747083
0.0005421106465006876
0.0005477407518498316
0.0005534094057789107
0.0005591165969865959
0.0005648623098714904
0.0005706465244900499
0.0005764692165148915
0.0005823303571929371
0.0005882299133051135
0.00059416784712522
0.0006001441163800732
0.0006061586742094322
0.0006122114691270347
0.0006183024449810781
0.0006244315409164802
0.0006305986913364176
0.0006368038258646433
0.0006430468693093618
0.0006493277416255465
0.0006556463578797619
0.000662002628214596
0.0006683964578133144
0.000674827746865964
0.0006812963905355852
0.0006878022789244815
0.0006943452970422704
0.0007009253247735432
0.0007075422368463612
0.000714195902802087
0.0007208861869644927
0.0007276129484110382
0.0007343760409435933
0.0007411753130607188
0.0007480106079301692
0.00075488176336212
0.0007617886117833962
0.0007687309802119792
0.0007757086902329616
0.0007827215579747235
0.0007897693940854438
0.0007968520037117262
0.0008039691864771691
0.0008111207364608253
0.0008183064421789447
0.0008255260865649915
0.0008327794469517777
0.0008400662950549866
0.0008473863969556954
0.0008547395130856249
0.0008621253982124449
0.0008695438014263042
0.0008769944661261932
0.0008844771300093133
0.0008919915250591086
0.0008995373775359716
0.0009071144079677245
0.0009147223311417707
0.0009223608560982488
0.0009300296861231867
0.0009377285187439361
0.0009454570457250548
0.0009532149530647997
0.0009610019209931778
0.0009688176239709456
0.000976661730689497
0.0009845339040717538
0.0009924338012741703
0.0010003610736901833
0.0010083153669536635
0.0010162963209450944
0.0010243035697966923
0.0010323367419013132
0.001040395459919298
0.0010484793407893823
0.001056587995738717
0.0010647210302948892
0.001072878044298892
0.0010810586319190958
0.0010892623816664995
0.0010974888764111502
0.0011057376933994547
0.0011140084042731589
0.0011223005750884403
0.0011306137663377837
0.0011389475329713534
0.0011473014244204843
0.001155674984622338
0.0011640677520452305
0.0011724792597154043
0.0011809090352453598
0.0011893566008626334
0.0011978214734401325
0.0012063031645280285
0.0012148011803859307
0.0012233150220172283
0.001231844185203768
0.0012403881605426458
0.0012489464334829996
0.001257518484365306
0.0012661037884607324
0.0012747018160122166
0.001283312032277213
0.001291933897570442
0.0013005668673086404
0.0013092103920564837
0.001317863917573786
0.0013265268848629784
0.0013351987302187612
0.0013438788852790321
0.0013525667770756505
0.0013612618280882615
0.0013699634562972306
0.0013786710752398603
0.001387384094065887
0.0013961019175953663
0.0014048239463772861
0.0014135495767490125
0.0014222782008976287
0.001431009206921385
0.0014397419788933206
0.0014484758969254953
0.0014572103372338372
0.0014659446722053802
0.0014746782704648908
0.0014834104969447238
0.0014921407129527844
0.0015008682762459459
0.0015095925410983466
0.0015183128583781459
0.0015270285756180482
0.0015357390370929504
0.0015444435838940268
0.0015531415540065447
0.0015618322823882345
0.0015705151010469943
0.0015791893391227112
0.0015878543229660784
0.001596509376222254
0.001605153819912461
0.0016137869725186482
0.0016224081500670934
0.0016310166662152914
0.0016396118323366699
0.0016481929576100387
0.0016567593491055295
0.0016653103118753248
0.0016738451490424934
0.0016823631618922755
0.00169086364996281
0.0016993459111383123
0.0017078092417410272
0.0017162529366261865
0.0017246762892747416
0.0017330785918909936
0.00174145913549577
0.0017498172100255031
0.001758152104427298
0.0017664631067589025
0.001774749504285111
0.0017830105835790137
0.0017912456306195153
0.001799453930894141
0.0018076347694970013
0.001815787431233268
0.0018239112007179183
0.0018320053624811565
0.001840069201068661
0.0018481020011471738
0.0018561030476059715
0.001864071625663512
0.0018720070209694622
0.0018799085197120696
0.0018877754087213018
0.0018956069755762732
0.0019034025087100565
0.0019111612975155495
0.0019188826324540715
0.0019265658051590042
0.0019342101085457787
0.0019418148369164641
0.00194937928606928
0.0019569027534040765
0.001964384538031847
0.001971823940880568
0.0019792202648049096
0.0019865728146921295
0.0019938808975721715
0.0020011438227230897
0.002008360901781646
0.0020155314488486233
0.0020226547805989497
0.0020297302163873447
0.0020367570783581955
0.002043734691550645
0.0020506623840085792
0.0020575394868851036
0.0020643653345524186
0.0020711392647057947
0.002077860618472781
0.0020845287405169594
0.0020911429791465636
0.002097702686417234
0.002104207218240585
0.0021106559344860358
0.0021170481990881265
0.0021233833801482943
0.0021296608500412173
0.0021358799855150015
0.002142040167797468
0.0021481407826950648
0.0021541812206976457
0.002160160877077079
0.002166079151990273
0.0021719354505769467
0.002177729183061297
0.0021834597648490973
0.0021891266166260527
0.002194729164456627
0.002200266839878277
0.0022057390800004745
0.0022111453275966034
0.002216485031201589
0.0022217576452026266
0.0022269626299347258
0.0022320994517697934
0.002237167583210788
0.002242166502978717
0.002247095696104979
0.0022519546540168884
0.0022567428746276515
0.0022614598624202753
0.0022661051285353473
0.0022706781908530794
0.0022751785740790825
0.002279605809824087
0.0022839594366877696
0.0022882390003361504
0.0022924440535834144
0.002296574156466847
0.0023006288763263317
0.002304607787877196
0.00230851047328718
0.0023123365222467896
0.0023160855320439678
0.0023197571076319866
0.0023233508617015166
0.0023268664147459016
0.0023303033951308353
0.0023336614391569217
0.002336940191126694
0.002340139303404519
0.002343258436480874
0.0023462972590295623
0.002349255447969196
0.0023521326885176034
0.0023549286742504394
0.0023576431071528686
0.0023602756976749332
0.0023628261647815106
0.0023652942360021575
0.0023676796474813846
0.0023699821440230843
0.002372201479138871
0.002374337415089096
0.0023763897229282897
0.002378358182543128
0.0023802425826946246
0.0023820427210531083
0.0023837584042372107
0.0023853894478457153
0.0023869356764933862
0.0023883969238395453
0.0023897730326208084
0.0023910638546763463
0.0023922692509774543
0.002393389091649477
0.002394423255998162
0.0023953716325283893
0.002396234118967058
0.002397010622278653
0.0023977010586848026
0.0023983053536764986
0.002398823442030331
0.0023992552678173914
0.0023996007844161817
0.0023998599545181445
0.002400032750137227
0.002400119152612081
0.002400119152612259
0.002400032750137049
0.002399859954518322
0.0023996007844160044
0.0023992552678175705
0.002398823442030152
0.002398305353676676
0.002397701058684625
0.0023970106222788302
0.0023962341189668807
0.0023953716325285667
0.0023944232559979847
0.002393389091649477
0.0023922692509774543
0.0023910638546763463
0.0023897730326208084
0.0023883969238395453
0.0023869356764933862
0.0023853894478457153
0.0023837584042372107
0.0023820427210531083
0.0023802425826946246
0.002378358182543128
0.0023763897229282897
0.002374337415089096
0.002372201479138871
0.0023699821440230843
0.0023676796474813846
0.0023652942360021575
0.0023628261647815106
0.0023602756976749332
0.0023576431071530356
0.0023549286742502724
0.0023521326885177704
0.0023492554479690292
0.002346297259029743
0.002343258436480693
0.0023401393034046866
0.002336940191126527
0.0023336614391571025
0.002330303395130654
0.0023268664147460686
0.0023233508617013492
0.0023197571076321536
0.002316085532043801
0.0023123365222469704
0.002308510473286999
0.002304607787877363
0.0023006288763261647
0.002296574156467014
0.0022924440535832475
0.0022882390003363313
0.0022839594366875888
0.002279605809824254
0.0022751785740789156
0.0022706781908530794
0.0022661051285353473
0.0022614598624202753
0.0022567428746276515
0.0022519546540168884
0.002247095696104979
0.002242166502978717
0.002237167583210788
0.0022320994517697934
0.0022269626299347258
0.0022217576452026266
0.002216485031201589
0.0022111453275966034
0.0022057390800004745
0.002200266839878277
0.002194729164456627
0.0021891266166260527
0.0021834597648490973
0.002177729183061297
0.0021719354505771137
0.002166079151990106
0.002160160877077246
0.0021541812206974788
0.002148140782695204
0.002142040167797329
0.0021358799855151684
0.0021296608500410504
0.0021233833801484613
0.0021170481990879595
0.0021106559344861472
0.002104207218240474
0.002097702686417401
0.0020911429791463966
0.0020845287405171263
0.0020778606184726142
0.002071139264705934
0.0020643653345522794
0.0020575394868852705
0.0020506623840084123
0.0020437346915507843
0.0020367570783580563
0.0020297302163875116
0.0020226547805987827
0.0020155314488486233
0.002008360901781646
0.0020011438227230897
0.0019938808975721715
0.0019865728146921295
0.0019792202648049096
0.001971823940880568
0.001964384538031847
0.0019569027534040765
0.00194937928606928
0.0019418148369164641
0.0019342101085457787
0.0019265658051590042
0.0019188826324540715
0.0019111612975155495
0.0019034025087100565
0.0018956069755762732
0.001887775408721413
0.0018799085197119584
0.001872007020969518
0.0018640716256634563
0.0018561030476060827
0.0018481020011470626
0.0018400692010687723
0.001832005362481045
0.0018239112007180295
0.0018157874312331567
0.0018076347694971125
0.0017994539308940297
0.0017912456306196822
0.0017830105835788467
0.0017747495042852222
0.001766463106758791
0.0017581521044274095
0.001749817210025392
0.0017414591354958815
0.0017330785918908823
0.0017246762892749086
0.0017162529366260195
0.0017078092417411384
0.001699345911138201
0.00169086364996281
0.0016823631618922755
0.0016738451490424934
0.0016653103118753248
0.0016567593491055295
0.0016481929576100387
0.0016396118323366699
0.0016310166662152914
0.0016224081500670934
0.0016137869725186482
0.001605153819912461
0.001596509376222254
0.0015878543229660784
0.0015791893391227112
0.0015705151010469943
0.0015618322823882345
0.0015531415540065447
0.0015444435838940268
0.0015357390370929504
0.0015270285756181596
0.0015183128583780346
0.0015095925410985136
0.001500868276245779
0.0014921407129529513
0.0014834104969445566
0.001474678270465002
0.001465944672205269
0.0014572103372337817
0.001448475896925551
0.0014397419788934318
0.001431009206921385
0.001422278200897406
0.001413549576749124
0.0014048239463773419
0.001396101917595422
0.0013873840940657758
0.0013786710752398603
0.001369963456297286
0.0013612618280883172
0.0013525667770755393
0.0013438788852790321
0.0013351987302188725
0.0013265268848629784
0.0013178639175736744
0.0013092103920565952
0.0013005668673086404
0.0012919338975702192
0.0012833120322773245
0.0012747018160123279
0.0012661037884606767
0.0012575184843651944
0.0012489464334830554
0.0012403881605426458
0.0012318441852038793
0.0012233150220170613
0.0012148011803859865
0.0012063031645280842
0.001197821473440188
0.0011893566008624665
0.0011809090352454155
0.0011724792597154598
0.0011640677520452305
0.0011556749846222268
0.00114730142442054
0.0011389475329713534
0.001130613766337895
0.001122300575088329
0.0011140084042731589
0.0011057376933995104
0.001097488876411206
0.001089262381666388
0.0010810586319190958
0.0010728780442989475
0.0010647210302948892
0.0010565879957386058
0.001048479340789438
0.001040395459919298
0.001032336741901369
0.0010243035697966366
0.0010162963209450944
0.001008315366953719
0.0010003610736901833
0.0009924338012741146
0.0009845339040717538
0.0009766617306895527
0.0009688176239710012
0.0009610019209930665
0.0009532149530647997
0.0009454570457251662
0.0009377285187438248
0.0009300296861231867
0.0009223608560982488
0.000914722331141882
0.0009071144079675575
0.0008995373775360273
0.0008919915250591643
0.0008844771300093133
0.0008769944661261376
0.0008695438014263042
0.0008621253982125006
0.0008547395130856249
0.0008473863969555841
0.0008400662950550422
0.0008327794469518334
0.0008255260865649359
0.000818306442178889
0.000811120736460881
0.0008039691864771691
0.0007968520037117818
0.0007897693940853881
0.0007827215579747235
0.0007757086902330173
0.0007687309802119792
0.000761788611783285
0.0007548817633621758
0.0007480106079301692
0.0007411753130607744
0.0007343760409434819
0.0007276129484110938
0.0007208861869644927
0.0007141959028021428
0.0007075422368463055
0.0007009253247735432
0.000694345297042326
0.0006878022789244815
0.0006812963905354738
0.0006748277468660753
0.0006683964578133144
0.000662002628214596
0.0006556463578797063
0.0006493277416255465
0.0006430468693094174
0.0006368038258645876
0.0006305986913364176
0.0006244315409164802
0.0006183024449811338
0.0006122114691269235
0.0006061586742094878
0.0006001441163800732
0.0005941678471252756
0.0005882299133050023
0.0005823303571929928
0.0005764692165148915
0.0005706465244901612
0.0005648623098713792
0.0005591165969865959
0.0005534094057789107
0.0005477407518498874
0.0005421106465005763
0.000536519096774764
0.0005309661055007745
0.0005254516713351637
0.000519975788806302
0.0005145384483574009
0.0005091396363907639
0.0005037793353120369
0.0004984575235746263
0.0004931741757243951
0.0004879292624445261
0.00048272275060055176
0.0004775546032861638
0.00047242477986829883
0.0004673332360328363
0.00046227992383074195
0.00045726479172415556
0.00045228778463225565
0.00044734884397784836
0.0004424479077336221
0.00043758491046879164
0.00043275978339618777
0.0004279724544178441
0.0004232228481730884
0.0004185108860849642
0.00041383648640665275
0.0004091995642693413
0.00040460003172853383
0.00040003779781186405
0.0003955127685650162
0.00039102484710015024
0.0003865739336417672
0.00038215992557474475
0.0003777827174904805
0.00037344220123448267
0.00036913826595307003
0.00036487079814051694
0.00036063968168508555
0.0003564447979170059
0.0003522860256538398
0.00034816324124829426
0.0003440763186335298
0.0003400251293702499
0.00033600954269278883
0.0003320294255551435
0.0003280846426770056
0.00032417505658929256
0.00032030052768045785
0.0003164609142415767
0.0003126560725115434
0.0003088858567225463
0.000305150119145154
0.0003014487101327885
0.0002977814781665328
0.0002941482698993816
0.00029054893020049233
0.0002869833021995472
0.0002834512273296125
0.000279952545371445
0.00027648709449629584
0.00027305471130949314
0.00026965523089235525
0.00026628848684532826
0.00026295431133017743
0.0002596525351119558
0.0002563829876003051
0.00025314549689148003
0.0002499398898090924
0.00024676599194507813
0.0002436236277002741
0.00024051262032466175
0.0002374327919573316
0.00023438396366578054
0.00023136595548587654
0.0002283785864603764
0.0002254216746777775
0.00022249503731039006
0.00021959849065291066
0.00021673185015954837
0.00021389493048159613
0.0002110875455045014
0.00020830950838437987
0.00020556063158441826
0.00020284072691060878
0.00020014960554776213
0.0001974870780941289
0.00019485295459691155
0.00019224704458638498
0.00018966915710996106
0.0001871191007664207
0.00018459668373869823
0.00018210171382738972
0.00017963399848314773
0.00017719334483902086
0.00017477955974234754
0.0001723924497863161
0.00017003182134080135
0.00016769748058370168
0.0001653892335304399
0.00016310688606485522
0.00016085024396809142
0.00015861911294793056
0.00015641329866784826
0.00015423260677528957
0.00015207684292949984
0.00014994581282924395
0.00014783932224030324
0.00014575717702191445
0.00014369918315348745
0.00014166514676037633
0.00013965487414009596
0.00013766817178670172
0.0001357048464165607
0.00013376470499223053
0.00013184755474689462
0.0001299532032076844
0.00012808145821944676
0.00012623212796723118
0.0001244050209989996
0.00012259994624789111
0.00012081671305348448
0.00011905513118384014
0.00011731501085587226
0.00011559616275633309
0.0001138983980616285
0.00011222152845785596
0.0001105653661605088
0.00010892972393278878
0.00010731441510514323
0.00010571925359285411
0.00010414405391435056
0.00010258863120868662
0.00010105280125257366
0.00009953638047735701
0.00009803918598549187
0.0000965610355661841
0.000095101747711699
0.00009366114163238995
0.00009223903727155997
0.00009083525532043467
0.00008944961723207759
0.00008808194523541686
0.00008673206234921628
0.00008539979239448775
0.00008408496000801704
0.00008278739065483193
0.00008150691063994678
0.00008024334712083068
0.00007899652811837274
0.00007776628252829274
0.00007655244013232899
0.00007535483160792349
0.00007417328853952116
0.0000730076434273087
0.00007185772969767894
0.00007072338171219232
0.00006960443477609308
0.00006850072514771607
0.00006741209004605668
0.00006633836765923138
0.00006527939715227032
0.0000642350186739637
0.00006320507336465435
0.00006218940336275013
0.00006118785181106931
0.000060200262863686966
0.00005922648169127844
0.00005826635448718646
0.000057319728472708945
0.00005638645190260952
0.00005546637406918078
0.00005455934530786612
0.000053665217000877664
0.000052783841581704925
0.000051915072538677064
0.00005105876441891492
0.000050214772831225316
0.000049382954449663485
0.00004856316701614909
0.000047755269343026675
0.0000469591213156261
0.00004617458389426631
0.000045401519116481864
0.00004463979009830307
0.00004388926103598154
0.000043149797207381716
0.000042421264972815776
0.000041703531775767244
0.00004099646614405988
0.00004029993768963504
0.000039613817109275256
0.00003893797618438161
0.000038272287780973716
0.00003761662584896614
0.00003697086542233538
0.00003633488261756132
0.0000357085546334603
0.000035091759749459545
0.00003448437732498495
0.00003388628779734589
0.00003329737268084471
0.00003271751456443886
0.00003214659711012677
0.000031584505050665726
0.00003103112418767936
0.000030486341389041574
0.000029950044586037824
0.000029422122771416935
0.000028902465995828803
0.000028390965365486596
0.000027887513038493106
0.000027392002222113337
0.000026904327168989537